6	6	(2)点钢刀
11	11	(2)工字长锤
12	12	(7)折铁刀
19	19	(1)青铜剑
20	20	(5)淬铁剑
21	21	(13)百炼剑
22	22	(21)青锋剑
28	28	(15)鬼头刀
29	29	(24)百战刀
36	36	(3)子母双剑
37	37	(9)鸳鸯双剑
39	39	(17)连横双剑
40	40	(27)阴阳双剑
41	41	(37)坎离双剑
47	47	(4)柳叶双刀
48	48	(11)蝴蝶双刀
49	49	(19)合纵双刀
50	50	(29)连环双刀
57	57	(2)点钢枪
58	58	(7)浑铁枪
59	59	(15)烂银枪
60	60	(24)蛇形枪
67	67	(3)长朴刀
68	68	(9)扫叶刀
69	69	(17)劈挂刀
70	70	(27)斩马刀
74	74	(67)银鲤刀
87	87	(4)棘木棒
88	88	(11)狼牙棒
89	89	(19)铜头棒
90	90	(29)雁尾镗
100	100	(3)粗石斧
101	101	(9)短柄斧
102	102	(17)双板斧
103	103	(27)蘸金斧
109	109	(1)尖石长斧
110	110	(5)青铜长斧
111	111	(13)宣花长斧
112	112	(21)巨灵长斧
115	115	(51)獠牙长斧
119	119	(4)坚石锤
120	120	(11)打铁锤
121	121	(19)亮银锤
123	123	(37)偃月刀
124	124	(47)凤嘴刀
128	128	(2)守护战甲
129	129	(34)沥泉枪
130	130	(44)提炉枪
131	131	(39)碎灵镗
132	132	(49)贪狼镗
133	133	(7)锁子战甲
134	134	(15)秘银战甲
135	135	(23)紫金战甲
136	136	(37)鱼尾斧
137	137	(33)炼狱战甲
138	138	(47)归心斧
139	139	(43)凝血战甲
141	141	(2)软皮战铠
142	142	(7)鹿皮战铠
143	143	(31)裂地长斧
144	144	(41)暗狱长斧
145	145	(15)连环战铠
146	146	(23)明光战铠
147	147	(31)寒霜剑
148	148	(41)丹心剑
149	149	(33)灵狮战铠
151	151	(47)和合双剑
152	152	(43)流光战铠
154	154	(2)修行袍
155	155	(7)灵符袍
156	156	(34)破阵刀
157	157	(15)咒术袍
158	158	(44)斩将刀
159	159	(23)秘法袍
160	160	(33)灵曦袍
161	161	(43)怨魂袍
162	162	(39)子午双刀
164	164	(49)锯齿双刀
165	165	(4)守护腿甲
166	166	(10)锁子腿甲
167	167	(18)秘银腿甲
168	168	(26)紫金腿甲
169	169	(36)炼狱腿甲
170	170	(46)凝血腿甲
173	173	(29)镏金锤
174	174	(3)白霖项链
175	175	(39)青犊锤
176	176	(49)炽焰锤
177	177	(7)开山长锤
178	178	(15)八角长锤
179	179	(24)瓦棱长锤
180	180	(34)破冰长锤
181	181	(44)血牙长锤
185	185	(1)兽皮拳套
186	186	(7)粗铜拳套
187	187	(14)精铁拳套
189	189	(23)玄钢拳套
190	190	(33)灼热拳套
191	191	(4)软皮下铠
192	192	(43)裂岩拳套
193	193	(10)鹿皮下铠
194	194	(18)连环下铠
195	195	(4)手虎刃
196	196	(26)明光下铠
197	197	(11)钢爪刃
198	198	(36)灵狮下铠
199	199	(18)袖里刃
200	200	(46)流光下铠
201	201	(28)银钩刃
204	204	(4)修行裤
205	205	(10)灵符裤
206	206	(48)封喉刃
207	207	(18)咒术裤
208	208	(26)秘法裤
211	211	(36)灵曦裤
212	2250	(1)竹木弓
213	213	(46)怨魂裤
214	214	(7)穿杨弓
215	215	(14)雀画弓
220	220	(23)铁胎弓
221	221	(1)守护靴
222	222	(6)锁子靴
223	223	(33)疾电弓
224	224	(43)紫雕弓
225	225	(13)秘银靴
226	226	(21)紫金靴
227	227	(31)炼狱靴
228	228	(4)石丸
229	229	(11)铁砂
230	230	(41)凝血靴
231	231	(19)驱鸟
232	232	(29)逐雀
233	233	(39)牛筋
237	237	(1)软皮鞋
238	238	(6)鹿皮鞋
239	239	(13)连环鞋
240	240	(21)明光鞋
242	242	(31)灵狮鞋
246	246	(49)鹰角
249	249	(41)流光鞋
251	251	(9)翠微项链
252	252	(1)修行履
253	253	(17)碧丝项链
254	254	(25)睛光项链
255	255	(3)青铜弩
256	256	(35)青云项链
257	257	(6)灵符履
258	258	(45)迷花项链
259	259	(3)兽骨项链
260	260	(10)十字弩
261	261	(9)牛角项链
262	262	(17)狼牙项链
263	263	(25)虎骨项链
264	264	(13)咒术履
265	265	(35)犀角项链
266	266	(45)龙鳞项链
267	267	(3)影遁项链
268	268	(9)空幽项链
269	269	(18)速射弩
270	270	(17)迷踪项链
271	271	(25)物华项链
272	272	(35)曲直项链
273	273	(21)秘法履
274	274	(45)云梦项链
275	275	(28)连击弩
279	279	(31)灵曦履
282	282	(38)神臂弩
283	283	(41)怨魂履
284	284	(4)燕石坠子
285	285	(48)排云弩
286	286	(11)绿松坠子
287	287	(19)雨花坠子
288	288	(27)血石坠子
289	289	(37)留白坠子
290	290	(47)观澜坠子
301	301	(2)牛角戒
302	302	(7)猫眼戒
303	303	(14)犀角戒
304	304	(22)象牙戒
305	305	(32)掠虹戒
306	306	(42)疾电戒
307	307	(2)珍珠戒
308	308	(7)玛瑙戒
309	309	(14)翡翠戒
310	310	(22)钻石戒
311	311	(32)盈天戒
312	312	(42)幻天戒
319	319	(3)青铜盔
322	322	(8)虎头盔
324	324	(16)怒旌盔
325	325	(24)五遁盔
326	326	(34)分光盔
328	328	(44)阎魔盔
333	333	(3)粗布巾
335	335	(8)软丝巾
337	337	(16)冰蚕冠
341	341	(24)羽鳞冠
342	342	(34)凌霜冠
343	343	(3)桃木剑
344	344	(44)欺雪冠
345	345	(9)松纹剑
348	348	(5)守护袖甲
349	349	(17)七星剑
350	350	(11)锁子袖甲
351	351	(19)秘银袖甲
352	352	(27)天师剑
353	353	(28)紫金袖甲
354	354	(38)炼狱袖甲
355	355	(48)凝血袖甲
357	357	(37)摇光剑
358	358	(5)修行护腕
359	359	(11)灵符护腕
360	360	(47)达摩剑
361	361	(1)短木杖
362	362	(19)咒术护腕
363	363	(28)秘法护腕
364	364	(5)骨节杖
365	365	(38)灵曦护腕
366	366	(48)怨魂护腕
367	367	(13)绿玉杖
368	368	(21)亡灵杖
371	371	(5)守护斗篷
372	372	(12)幸运斗篷
373	373	(31)聚灵杖
374	374	(20)威凛斗篷
375	375	(41)镇魂杖
376	376	(29)幻胧披风
377	377	(39)闪烁披风
378	378	(49)匿影披风
380	380	(2)金刚撅
381	381	(7)韦陀杵
382	382	(15)净土轮
383	383	(24)日月钺
384	384	(34)降魔杵
385	385	(44)明王轮
386	386	(4)修竹杖
387	387	(11)鹿角杖
388	388	(19)符文杖
389	389	(29)咒血杖
390	390	(39)菩提杖
391	391	(49)辟邪幡
399	399	砂剑刃铸模
410	410	狼牙箭
411	411	雕翎箭
412	412	(4)白玉佩
413	413	(11)绿玉佩
414	414	(19)兰田佩
415	415	(27)独山佩
416	416	(37)和田佩
417	417	(47)青金佩
418	418	(4)吉祥腰饰
419	419	(11)如意腰饰
420	420	(19)百辟腰饰
421	421	(27)云瑶腰饰
422	422	(37)镇海腰饰
423	423	(47)紫霞腰饰
501	501	陶剑刃铸模
503	503	磁剑刃铸模
506	506	琉璃剑刃铸模
510	510	砂鸳鸯剑铸模
511	511	陶鸳鸯剑铸模
513	513	磁鸳鸯剑铸模
514	514	琉璃鸳鸯剑铸模
516	516	砂刀锋铸模
517	517	陶刀锋铸模
518	518	磁刀锋铸模
519	519	琉璃刀锋铸模
521	521	砂鸳鸯刀铸模
522	522	陶鸳鸯刀铸模
523	523	磁鸳鸯刀铸模
524	524	琉璃鸳鸯刀铸模
527	527	青铜矛柄
528	528	铸铁矛柄
529	529	精钢矛柄
530	530	白银矛柄
532	532	青铜长刀刀格
533	533	铸铁长刀刀格
534	534	精钢长刀刀格
535	535	白银长刀刀格
542	542	青铜长杆接榫
543	543	铸铁长杆接榫
544	544	精钢长杆接榫
545	545	白银长杆接榫
548	548	砂子母斧铸模
549	549	陶子母斧铸模
550	550	磁子母斧铸模
551	551	琉璃子母斧铸模
553	553	砂斧刃铸模
554	554	陶斧刃铸模
555	555	磁斧刃铸模
556	556	琉璃斧刃铸模
558	558	砂子母锤铸模
559	559	陶子母锤铸模
560	560	磁子母锤铸模
561	561	琉璃子母锤铸模
563	563	砂锤头铸模
564	564	陶锤头铸模
565	565	磁锤头铸模
566	566	琉璃锤头铸模
569	569	紫藤手掌模板
570	570	桃木手掌模板
571	571	珊瑚手掌模板
572	572	象牙手掌模板
574	574	青铜短刃柄
575	575	铸铁短刃柄
576	576	精钢短刃柄
577	577	白银短刃柄
580	580	蚕丝弓弦
581	581	牛皮弓弦
582	582	鲸胶弓弦
583	583	凤尾弓弦
585	585	青铜弩机
586	586	铸铁弩机
587	587	精钢弩机
588	588	合金弩机
590	590	蚕丝绞丝
591	591	牛皮绞丝
592	592	鲸胶绞丝
593	593	凤尾绞丝
596	596	鬼扶魔力符
597	597	妖护魔力符
598	598	灵佐魔力符
599	599	仙佑魔力符
601	601	紫藤杖柄
602	602	桃木杖柄
603	603	珊瑚杖柄
604	604	象牙杖柄
606	606	砂金刚杵铸模
607	607	陶金刚杵铸模
608	608	磁金刚杵铸模
609	609	琉璃金刚杵铸模
611	611	布灵力幡绦
612	612	丝绸灵力幡绦
613	613	锦缎灵力幡绦
614	614	凤羽灵力幡绦
619	619	青铜肩甲合页
620	620	铸铁肩甲合页
621	621	精钢肩甲合页
622	622	白银肩甲合页
624	624	狼皮护心镜组件
625	625	虎皮护心镜组件
626	626	鲨皮护心镜组件
627	627	鲸皮护心镜组件
629	629	布法袍衣襟
630	630	丝绸法袍衣襟
631	631	锦缎法袍衣襟
632	632	凤羽法袍衣襟
635	635	青铜股甲合页
636	636	铸铁股甲合页
637	637	精钢股甲合页
638	638	白银股甲合页
640	640	狼皮护膝组件
641	641	虎皮护膝组件
642	642	鲨皮护膝组件
643	643	鲸皮护膝组件
666	666	布法裤下摆
668	668	丝绸法裤下摆
672	672	锦缎法裤下摆
673	673	凤羽法裤下摆
678	678	青铜踝甲合页
679	679	铸铁踝甲合页
680	680	精钢踝甲合页
681	681	白银踝甲合页
683	683	狼皮护踝组件
684	684	虎皮护踝组件
685	685	鲨皮护踝组件
686	686	鲸皮护踝组件
688	688	布法术鞋底
689	689	丝绸法术鞋底
690	690	锦缎法术鞋底
691	691	凤羽法术鞋底
694	694	青铜腕甲合页
695	695	铸铁腕甲合页
696	696	精钢腕甲合页
697	697	白银腕甲合页
699	699	狼皮护腕组件
700	700	虎皮护腕组件
701	701	鲨皮护腕组件
702	702	鲸皮护腕组件
705	705	青铜面罩合页
706	706	铸铁面罩合页
707	707	精钢面罩合页
708	708	白银面罩合页
711	711	狼皮飘带组件
712	712	虎皮飘带组件
713	713	鲨皮飘带组件
714	714	鲸皮飘带组件
720	720	砂指环铸模
721	721	陶指环铸模
722	722	磁指环铸模
723	723	琉璃指环铸模
725	725	紫藤小段
726	726	桃木小段
727	727	珊瑚小段
728	728	象牙小段
730	730	玛瑙石链子
731	731	孔雀石链子
732	732	木变石链子
733	733	黑耀石链子
735	735	紫藤节扣
736	736	桃木节扣
737	737	珊瑚节扣
738	738	象牙节扣
740	740	白水晶坠子
741	741	黄水晶坠子
742	742	红水晶坠子
743	743	紫水晶坠子
745	745	青铜护身锁
746	746	铸铁护身锁
747	747	精钢护身锁
748	748	白银护身锁
750	750	布香囊
751	751	丝绸香囊
752	752	锦缎香囊
753	753	凤羽香囊
756	756	鬼扶护身符
757	757	妖护护身符
758	758	灵佐护身符
759	759	仙佑护身符
771	771	碎橙玉
772	772	橙玉
773	773	碎赤玉
774	774	赤玉
775	775	碎翠玉
776	776	翠玉
777	777	黑玉
778	778	碎黄玉
779	779	黄玉
780	780	碎蓝玉
781	781	蓝玉
782	782	碎青玉
783	783	青玉
784	784	碎紫玉
785	785	紫玉
795	795	原木
796	796	粗木料
797	797	精木料
798	798	高级木料
800	800	生铁
801	801	高炭钢
802	802	百炼钢
803	803	初级合金钢
805	805	砂石
806	806	碎石
807	8199	磨石粉
808	808	刚玉粉
810	810	棉线
811	811	丝线
812	812	合成丝
813	813	天蚕丝
815	815	煤粉
816	816	烟煤
817	817	无烟煤
818	818	初级焦炭
820	820	动物胶
821	821	浓缩胶
822	822	强力胶
823	823	五色粘合剂
825	825	脂肪
826	826	提炼油
827	827	合成油
828	828	初级淬火剂
830	830	动物皮毛
831	831	粗制皮
832	832	皮革
833	832	初级强化皮革
981	981	狼皮帽檐
982	982	虎皮帽檐
983	983	鲨皮帽檐
984	984	鲸皮帽檐
1038	1038	骨矢
1039	1039	铁矢
1041	1041	铁砂弹
1042	1042	铅霰弹
1208	1208	裂刃符
1221	1221	雷刃符
1222	1222	光刃符
1230	1230	幻灵符
1231	1231	定灵符
1233	1233	咒灵符
1281	1281	硬甲符
1286	1286	护甲符
1289	1289	玄甲符
1290	1290	固神符
1291	1291	凝神符
1293	1293	聚神符
1817	1817	解毒丸
1820	1820	接骨木
1821	1821	紫丹参
1823	1823	通经草
1824	1824	养心草
1825	1825	仙鹤草
1826	1826	蛇含草
1827	1827	虎耳草
1828	1828	盘龙草
1830	1830	蜂蜜
1831	1831	芙苓
1832	1832	首乌
1834	1834	雄黄
1835	1835	牛黄
1837	1837	藿香
1838	1838	木香
1839	1839	沉香
1840	1840	郁金香
1841	1841	九里香
1842	1842	醍醐香
1844	1844	千金子
1845	1845	婆罗子
1846	1846	天仙子
1848	1848	木蝴蝶
1850	1850	绿萼梅
1851	1851	红萼梅
1852	1852	白萼梅
1854	1854	钻杆虫
1855	1855	九香虫
1857	1857	醉仙露
1858	1858	(58)龟灵护腕
1859	1859	(68)玄黄护腕
1860	1860	(58)天心袖甲
1861	1861	(68)应龙袖甲
1862	1862	(56)龟灵裤
1863	1863	(66)玄黄裤
1864	1864	(56)冥祥下铠
1865	1865	(66)羽嘉下铠
1866	1866	(56)天心腿甲
1867	1867	(66)应龙腿甲
1868	1868	(59)韬光披风
1869	1869	(69)无忌披风
1870	1870	(53)龟灵袍
1871	1871	(63)玄黄袍
1872	1872	(53)冥祥战铠
1873	1873	(63)羽嘉战铠
1874	1874	(53)天心战甲
1875	1875	(63)应龙战甲
1876	1876	(54)暮雨冠
1877	1877	(64)映彤冠
1878	1878	(54)归元盔
1879	1879	(64)辟邪盔
1880	1880	(51)冥祥鞋
1881	1881	(61)羽嘉鞋
1882	1882	(51)龟灵履
1883	1883	(61)玄黄履
1884	1884	(51)天心靴
1885	1885	(61)应龙靴
1886	1886	(52)噬魂戒
1887	1887	(62)惊雷戒
1888	1888	(52)回天戒
1889	1889	(62)炽天戒
1890	1890	(55)火眼项链
1891	1891	(65)血影项链
1892	1892	(55)绿绮项链
1893	1893	(65)清辉项链
1894	1894	(55)洞犀项链
1895	1895	(65)夜光项链
1896	1896	(57)七曜腰饰
1897	1897	(67)露华腰饰
1898	1898	(57)雪浪坠子
1899	1899	(67)龙眼坠子
1900	1900	(57)君子佩
1901	1901	(67)八宝佩
1907	1907	(57)眉间刀
1909	1909	(54)梨花枪
1910	1910	(59)嘶风镗
1913	1913	(64)雁翎枪
1926	1926	(69)雷公镗
1927	1927	(51)碧涛剑
1928	1928	(61)流光剑
1929	1929	(57)流金双剑
1930	1930	(67)比翼双剑
1933	1933	(54)归尘刀
1934	1934	(64)溢彩刀
1935	1935	(59)饮血双刀
1936	1936	(69)比目双刀
1937	1937	(51)通幽杖
1938	1938	(61)启明杖
1939	1939	(57)真武剑
1940	1940	(67)玉清剑
1944	1944	三刃矢
1945	1945	(54)罗喉轮
1946	1946	爆裂弹
1947	1947	凤尾箭
1948	1948	(64)昊天轮
1949	1949	(59)逝水幡
1950	1950	(69)招魂幡
1951	1951	(57)血河斧
1965	1965	(67)闪华斧
1984	1984	(61)新月长斧
1991	1991	(54)六丁长锤
1992	1992	(64)六甲长锤
1993	1993	(59)碧空锤
1994	1994	(69)紫阳锤
1995	1995	(53)银翼弓
1996	1996	火红之石5级
1997	1997	(63)鹰击弓
1998	1998	赤眼之石
1999	1999	(58)射鲛弩
2001	2001	白雾之石5级
2002	2002	(68)破空弩
2003	2003	海蓝之石
2005	2005	锐利之石5级
2006	2006	眩光之石
2008	2008	(58)夺魄刃
2009	2009	暗青之石5级
2010	2010	翠绿之石
2012	2012	黄沉之石5级
2013	2013	苍茫之石
2015	2015	(68)追魂刃
2016	2016	(53)激流拳套
2017	2017	(63)炽烈拳套
2019	2019	裂刃玉片
2020	2020	雷刃玉片
2021	2021	光刃玉片
2026	2026	硬甲玉片
2027	2027	护甲玉片
2028	2028	玄甲玉片
2029	2029	咒灵玉片
2030	2030	定灵玉片
2031	2031	幻灵玉片
2032	2032	固神玉片
2033	2033	凝神玉片
2034	2034	聚神玉片
2036	2036	(38)暗影刃
2040	1817	九制解毒丸
2041	2041	(59)击玉
2042	2042	(69)连珠
2092	10000003	羽族翅膀
2093	10000003	羽族翅膀
2094	10000003	羽族翅膀
2095	10000003	羽族翅膀
2097	2097	(1)木剑
2100	2100	回城香
2250	2250	(1)木弓
2251	2251	(1)法杖
2258	2258	(1)荆棘棒
2636	10000003	羽族翅膀
2679	10000003	羽族翅膀
2680	10000001	人族飞剑
2681	10000003	羽族翅膀
2682	10000003	羽族翅膀
2683	10000003	羽族翅膀
2684	10000003	羽族翅膀
2685	10000003	羽族翅膀
2686	10000001	人族飞剑
2687	10000003	羽族翅膀
2688	10000003	羽族翅膀
2689	10000003	羽族翅膀
2690	10000003	羽族翅膀
2691	10000003	羽族翅膀
2692	10000001	人族飞剑
2693	10000003	羽族翅膀
2694	10000003	羽族翅膀
2695	10000003	羽族翅膀
2696	10000003	羽族翅膀
2697	10000003	羽族翅膀
2698	10000003	羽族翅膀
2699	10000001	人族飞剑
2700	10000003	羽族翅膀
2701	10000003	羽族翅膀
2702	10000003	羽族翅膀
2703	10000003	羽族翅膀
2704	10000003	羽族翅膀
2705	10000001	人族飞剑
2706	10000003	羽族翅膀
2707	10000003	羽族翅膀
2708	10000003	羽族翅膀
2709	10000003	羽族翅膀
2710	10000003	羽族翅膀
2711	10000001	人族飞剑
2712	10000003	羽族翅膀
2713	10000003	羽族翅膀
2714	10000003	羽族翅膀
2715	10000001	人族飞剑
2716	10000003	羽族翅膀
2717	10000003	羽族翅膀
2718	10000003	羽族翅膀
2719	10000003	羽族翅膀
2720	10000003	羽族翅膀
2721	10000001	人族飞剑
2722	10000003	羽族翅膀
2723	10000003	羽族翅膀
2724	10000003	羽族翅膀
2725	10000003	羽族翅膀
2726	10000003	羽族翅膀
2727	10000001	人族飞剑
2728	10000003	羽族翅膀
2729	10000003	羽族翅膀
2730	10000003	羽族翅膀
2731	10000003	羽族翅膀
2732	10000003	羽族翅膀
2733	10000001	人族飞剑
2734	10000003	羽族翅膀
2735	10000003	羽族翅膀
2736	10000003	羽族翅膀
2737	10000001	人族飞剑
2738	10000003	羽族翅膀
2739	10000003	羽族翅膀
2740	10000003	羽族翅膀
2741	10000003	羽族翅膀
2742	10000003	羽族翅膀
2743	10000001	人族飞剑
2744	10000003	羽族翅膀
2745	10000003	羽族翅膀
2746	10000003	羽族翅膀
2747	10000003	羽族翅膀
2748	10000003	羽族翅膀
2749	10000001	人族飞剑
2750	10000003	羽族翅膀
2751	10000003	羽族翅膀
2752	10000003	羽族翅膀
2753	10000003	羽族翅膀
2754	10000003	羽族翅膀
2755	10000001	人族飞剑
2756	10000003	羽族翅膀
2757	10000003	羽族翅膀
2758	10000003	羽族翅膀
2759	10000001	人族飞剑
2762	10000003	羽族翅膀
2763	10000003	羽族翅膀
2764	10000003	羽族翅膀
2766	10000003	羽族翅膀
2767	10000003	羽族翅膀
2768	10000003	羽族翅膀
2769	10000003	羽族翅膀
2770	10000003	羽族翅膀
2772	10000003	羽族翅膀
2773	10000003	羽族翅膀
2774	10000003	羽族翅膀
2775	10000001	人族飞剑
2778	10000003	羽族翅膀
2779	10000003	羽族翅膀
2780	10000003	羽族翅膀
2782	10000003	羽族翅膀
2783	10000003	羽族翅膀
2784	10000003	羽族翅膀
2785	10000003	羽族翅膀
2786	10000003	羽族翅膀
2788	10000003	羽族翅膀
2789	10000003	羽族翅膀
2790	10000003	羽族翅膀
2791	10000003	羽族翅膀
2792	10000003	羽族翅膀
2793	10000001	人族飞剑
2794	10000003	羽族翅膀
2795	10000003	羽族翅膀
2796	10000003	羽族翅膀
2797	10000001	人族飞剑
2798	10000003	羽族翅膀
2799	10000003	羽族翅膀
2800	10000003	羽族翅膀
2801	10000003	羽族翅膀
2802	10000003	羽族翅膀
2803	10000001	人族飞剑
2876	2876	(5)软皮腕甲
2877	2877	(11)鹿皮腕甲
2878	2878	(19)连环腕甲
2879	2879	(28)明光腕甲
2880	2880	(38)灵狮腕甲
2881	2881	(48)流光腕甲
2882	2882	(58)冥祥腕甲
2883	2883	(68)羽嘉腕甲
3043	3043	复活卷轴
3067	3067	布护腕绣面
3068	3068	丝绸护腕绣面
3070	3070	凤羽护腕绣面
3072	3072	锦缎护腕绣面
3073	3073	矿铲
3634	3634	火红之石1级
3635	3635	火红之石2级
3636	3636	火红之石3级
3637	3637	火红之石4级
3638	3638	白雾之石1级
3639	3639	白雾之石2级
3640	3640	白雾之石3级
3641	3641	白雾之石4级
3642	3642	暗青之石1级
3643	3643	暗青之石2级
3644	3644	暗青之石3级
3645	3645	暗青之石4级
3646	3646	黄沉之石1级
3647	3647	黄沉之石2级
3648	3648	黄沉之石3级
3649	3649	黄沉之石4级
3650	3650	锐利之石1级
3651	3651	锐利之石2级
3652	3652	锐利之石3级
3653	3653	锐利之石4级
3654	10000002	妖族飞行兽
3655	10000002	妖族飞行兽
3656	10000002	妖族飞行兽
3657	10000002	妖族飞行兽
3658	10000002	妖族飞行兽
3661	10000002	妖族飞行兽
3662	10000002	妖族飞行兽
3663	10000002	妖族飞行兽
3666	10000002	妖族飞行兽
3667	10000002	妖族飞行兽
3668	10000002	妖族飞行兽
3669	10000002	妖族飞行兽
3670	10000002	妖族飞行兽
3671	10000002	妖族飞行兽
3672	10000001	人族飞剑
3673	10000001	人族飞剑
3674	10000001	人族飞剑
3675	10000001	人族飞剑
3676	10000001	人族飞剑
3678	10000001	人族飞剑
3679	10000001	人族飞剑
3681	10000001	人族飞剑
3683	10000001	人族飞剑
3685	10000001	人族飞剑
3951	3951	(20)精灵裙
3952	3952	(20)旗袍
3955	3955	(20)精灵裙鞋
4095	4095	羽翼
4096	4096	鹰翼
4097	4097	铁翼
4098	4098	蝠翼
4099	4099	蝶翼
4100	4100	飞鹰
4101	4101	飞隼
4102	4102	飞鹫
4103	4103	角鹰
4105	4105	进化鳐
4108	4108	圣剑
4109	4109	仙剑
4111	4111	真剑
4115	4115	冥剑
4116	4116	情剑
4118	4118	飞剑之魂
4119	4119	上剑之魂
4120	4120	玄剑之魂
4121	4121	天剑之魂
4122	4122	灵剑之魂
4123	4123	至剑之魂
4124	4124	鳐精一级
4125	4125	鳐精二级
4126	4126	鳐精三级
4127	4127	鳐精四级
4128	4128	鳐精五级
4129	4129	鳐精六级
4130	4130	风电之灵
4131	4131	盈动之灵
4132	4132	长击之灵
4133	4133	星日之灵
4134	4134	梦魂之灵
4135	4135	光辉之灵
4235	10000001	人族飞剑
4236	10000001	人族飞剑
4237	10000001	人族飞剑
4238	10000001	人族飞剑
4239	10000001	人族飞剑
4257	4257	(20)精灵裙手套
4258	4258	(30)普通晚礼服手套
4259	4259	(30)普通晚礼服鞋
4260	4260	(30)普通晚礼服
4261	4261	(20)绣花鞋
4267	4267	(10)蝴蝶吊带上衣
4268	4268	(5)心手相依女装上衣
4271	4271	(10)蝴蝶裙
4272	4272	(5)心手相依女装裙
4273	4273	(10)蝴蝶裙鞋
4274	4274	(5)心手相依女装鞋
4275	4275	(5)心手相依男装裤
4276	4276	(5)心手相依男装上衣
4277	4277	(5)心手相依男装鞋
4289	10000002	妖族飞行兽
4290	10000002	妖族飞行兽
4291	10000002	妖族飞行兽
4292	10000002	妖族飞行兽
4293	10000002	妖族飞行兽
4294	10000002	妖族飞行兽
4295	10000002	妖族飞行兽
4296	10000002	妖族飞行兽
4297	10000002	妖族飞行兽
4298	10000002	妖族飞行兽
4299	10000002	妖族飞行兽
4300	10000002	妖族飞行兽
4301	10000002	妖族飞行兽
4302	10000002	妖族飞行兽
4303	10000002	妖族飞行兽
4304	10000002	妖族飞行兽
4305	10000002	妖族飞行兽
4312	4312	楠木钥匙
4313	4313	黑铁钥匙
4314	4314	青铜钥匙
4315	4315	白银钥匙
4316	4316	黄金钥匙
4349	4349	(45)封印之剑
4350	4350	(52)血狼刀
4351	4351	(45)秦陵战枪
4352	4352	(55)雷妖镗
4353	4353	(45)阴魔轮
4354	4354	(52)天龙弓
4355	4355	(55)邪灵刃
4356	4356	(60)蛇王杖
4357	4357	(60)蚀血巨锤
4358	4358	(60)狂狮战斧
4392	4392	(20)游侠装
4393	4393	(20)侠客裤子
4394	4394	(20)游侠鞋
4395	4395	(30)仕女装
4396	4396	(30)仕女鞋
4397	4397	(30)山盟海誓男装上衣
4398	4398	(30)山盟海誓男装裤
4399	4399	(30)山盟海誓男装鞋
4400	4400	(30)山盟海誓女装上衣
4401	4401	(30)山盟海誓女装裤
4402	4402	(30)山盟海誓女装鞋
4403	4403	(40)郡主褂
4404	4404	(40)郡主裙
4405	4405	(40)郡主鞋
4408	4408	大头丸
4411	9709	高级易容卷轴
4499	19	(1)未开锋的青铜剑
4500	20	(3)未开锋的淬铁剑
4501	21	(9)未开锋的百炼剑
4503	22	(17)未开锋的青锋剑
4504	147	(26)未开锋的寒霜剑
4505	148	(36)未开锋的丹心剑
4506	1927	(46)未开锋的碧涛剑
4507	1928	(56)未开锋的流光剑
4508	36	(3)未开锋的子母双剑
4509	37	(6)未开锋的鸳鸯双剑
4510	39	(13)未开锋的连横双剑
4511	40	(22)未开锋的阴阳双剑
4512	41	(32)未开锋的坎离双剑
4513	151	(42)未开锋的和合双剑
4514	1929	(52)未开锋的流金双剑
4515	1930	(62)未开锋的比翼双剑
4516	6	(2)未开锋的点钢刀
4517	12	(4)未开锋的折铁刀
4518	28	(11)未开锋的鬼头刀
4519	29	(19)未开锋的百战刀
4520	156	(29)未开锋的破阵刀
4521	158	(39)未开锋的斩将刀
4522	1933	(49)未开锋的归尘刀
4523	1934	(59)未开锋的溢彩刀
4524	47	(4)未开锋的柳叶双刀
4525	48	(7)未开锋的蝴蝶双刀
4526	49	(15)未开锋的合纵双刀
4527	50	(24)未开锋的连环双刀
4528	162	(34)未开锋的子午双刀
4529	164	(44)未开锋的锯齿双刀
4530	1935	(54)未开锋的饮血双刀
4531	1936	(64)未开锋的比目双刀
4541	67	(3)未开锋的长朴刀
4542	68	(6)未开锋的扫叶刀
4543	69	(13)未开锋的劈挂刀
4544	70	(22)未开锋的斩马刀
4545	123	(32)未开锋的偃月刀
4546	124	(42)未开锋的凤嘴刀
4547	1907	(52)未开锋的眉间刀
4548	74	(62)未开锋的银鲤刀
4549	57	(2)未开锋的点钢枪
4550	58	(4)未开锋的浑铁枪
4551	59	(11)未开锋的烂银枪
4552	60	(19)未开锋的蛇形枪
4553	129	(29)未开锋的沥泉枪
4554	130	(39)未开锋的提炉枪
4555	1909	(49)未开锋的梨花枪
4556	1913	(59)未开锋的雁翎枪
4558	87	(4)未开锋的棘木棒
4559	88	(7)未开锋的狼牙棒
4560	89	(15)未开锋的铜头棒
4561	90	(24)未开锋的雁尾镗
4562	131	(34)未开锋的碎灵镗
4563	132	(44)未开锋的贪狼镗
4564	1910	(54)未开锋的嘶风镗
4565	1926	(64)未开锋的雷公镗
4567	109	(1)未抛光的尖石长斧
4568	110	(3)未抛光的青铜长斧
4569	111	(9)未抛光的宣花长斧
4570	112	(17)未抛光的巨灵长斧
4571	143	(26)未抛光的裂地长斧
4572	144	(36)未抛光的暗狱长斧
4573	115	(46)未抛光的獠牙长斧
4574	1984	(56)未抛光的新月长斧
4575	100	(3)未抛光的粗石斧
4576	101	(6)未抛光的短柄斧
4577	102	(13)未抛光的双板斧
4578	103	(22)未抛光的蘸金斧
4579	136	(32)未抛光的鱼尾斧
4580	138	(42)未抛光的归心斧
4581	1951	(52)未抛光的血河斧
4582	1965	(62)未抛光的闪华斧
4583	11	(2)未抛光的工字长锤
4584	177	(4)未抛光的开山长锤
4585	178	(11)未抛光的八角长锤
4586	179	(19)未抛光的瓦棱长锤
4587	180	(29)未抛光的破冰长锤
4589	181	(39)未抛光的血牙长锤
4590	1991	(49)未抛光的六丁长锤
4591	1992	(59)未抛光的六甲长锤
4592	119	(4)未抛光的坚石锤
4593	120	(7)未抛光的打铁锤
4594	121	(15)未抛光的亮银锤
4595	173	(24)未抛光的镏金锤
4596	175	(34)未抛光的青犊锤
4597	176	(44)未抛光的炽焰锤
4598	1993	(54)未抛光的碧空锤
4599	1994	(64)未抛光的紫阳锤
4600	185	(1)磨损兽皮拳套
4601	186	(2)磨损粗铜拳套
4602	187	(9)磨损精铁拳套
4603	189	(16)磨损玄钢拳套
4604	190	(26)磨损灼热拳套
4605	192	(36)磨损裂岩拳套
4606	2016	(46)磨损激流拳套
4607	2017	(56)磨损炽烈拳套
4608	195	(3)未开锋的手虎刃
4609	197	(5)未开锋的钢爪刃
4610	199	(13)未开锋的袖里刃
4611	201	(22)未开锋的银钩刃
4612	2036	(32)未开锋的暗影刃
4613	206	(42)未开锋的封喉刃
4614	2008	(52)未开锋的夺魄刃
4615	2015	(62)未开锋的追魂刃
4616	2250	(1)粗制竹木弓
4617	214	(2)粗制穿杨弓
4618	215	(9)粗制雀画弓
4619	220	(16)粗制铁胎弓
4620	223	(26)粗制疾电弓
4621	224	(36)粗制紫雕弓
4622	1995	(46)粗制银翼弓
4623	1997	(56)粗制鹰击弓
4624	255	(3)粗制青铜弩
4625	260	(5)粗制十字弩
4626	269	(13)粗制速射弩
4627	275	(22)粗制连击弩
4628	282	(32)粗制神臂弩
4629	285	(42)粗制排云弩
4630	1999	(52)粗制射鲛弩
4631	2002	(62)粗制破空弩
4632	228	(2)粗制石丸
4633	229	(3)粗制铁砂
4634	231	(11)粗制驱鸟
4635	232	(19)粗制逐雀
4636	233	(29)粗制牛筋
4637	246	(39)粗制鹰角
4638	2041	(49)粗制击玉
4639	2042	(59)粗制连珠
4656	361	(1)未开光的短木杖
4657	364	(3)未开光的骨节杖
4658	367	(9)未开光的绿玉杖
4659	368	(17)未开光的亡灵杖
4660	373	(26)未开光的聚灵杖
4661	375	(36)未开光的镇魂杖
4662	1937	(46)未开光的通幽杖
4663	1938	(56)未开光的启明杖
4664	343	(3)未开光的桃木剑
4665	345	(6)未开光的松纹剑
4666	349	(13)未开光的七星剑
4667	352	(22)未开光的天师剑
4668	357	(32)未开光的摇光剑
4669	360	(42)未开光的达摩剑
4670	1939	(52)未开光的真武剑
4671	1940	(62)未开光的玉清剑
4672	380	(2)未开光的金刚撅
4673	381	(4)未开光的韦陀杵
4674	382	(11)未开光的净土轮
4675	383	(19)未开光的日月钺
4676	384	(29)未开光的降魔杵
4677	385	(39)未开光的明王轮
4678	1945	(49)未开光的罗喉轮
4679	1948	(59)未开光的昊天轮
4680	386	(4)未开光的修竹杖
4681	387	(7)未开光的鹿角杖
4682	388	(15)未开光的符文杖
4683	389	(24)未开光的咒血杖
4684	390	(34)未开光的菩提杖
4685	391	(44)未开光的辟邪幡
4686	1949	(54)未开光的逝水幡
4687	1950	(64)未开光的招魂幡
4688	19	(1)精良的青铜剑
4689	20	(5)精良的淬铁剑
4690	21	(13)精良的百炼剑
4691	22	(21)精良的青锋剑
4692	147	(31)精良的寒霜剑
4693	148	(41)精良的丹心剑
4694	1927	(51)精良的碧涛剑
4695	1928	(61)精良的流光剑
4696	36	(3)精良的子母双剑
4697	37	(9)精良的鸳鸯双剑
4698	39	(17)精良的连横双剑
4699	40	(27)精良的阴阳双剑
4700	41	(37)精良的坎离双剑
4701	151	(47)精良的和合双剑
4702	1929	(57)精良的流金双剑
4703	1930	(67)精良的比翼双剑
4704	6	(2)精良的点钢刀
4705	12	(7)精良的折铁刀
4706	28	(15)精良的鬼头刀
4707	29	(24)精良的百战刀
4708	156	(34)精良的破阵刀
4709	158	(44)精良的斩将刀
4710	1933	(54)精良的归尘刀
4711	1934	(64)精良的溢彩刀
4712	47	(4)精良的柳叶双刀
4713	48	(11)精良的蝴蝶双刀
4714	49	(19)精良的合纵双刀
4715	50	(29)精良的连环双刀
4716	162	(39)精良的子午双刀
4717	164	(49)精良的锯齿双刀
4718	1935	(59)精良的饮血双刀
4719	1936	(69)精良的比目双刀
4728	67	(3)精良的长朴刀
4729	68	(9)精良的扫叶刀
4730	69	(17)精良的劈挂刀
4731	70	(27)精良的斩马刀
4732	123	(37)精良的偃月刀
4733	124	(47)精良的凤嘴刀
4734	1907	(57)精良的眉间刀
4735	74	(67)精良的银鲤刀
4736	57	(2)精良的点钢枪
4737	58	(7)精良的浑铁枪
4738	59	(15)精良的烂银枪
4739	60	(24)精良的蛇形枪
4740	129	(34)精良的沥泉枪
4741	130	(44)精良的提炉枪
4742	1909	(54)精良的梨花枪
4743	1913	(64)精良的雁翎枪
4744	87	(4)精良的棘木棒
4745	88	(11)精良的狼牙棒
4746	89	(19)精良的铜头棒
4747	90	(29)精良的雁尾镗
4748	131	(39)精良的碎灵镗
4749	132	(49)精良的贪狼镗
4750	1910	(59)精良的嘶风镗
4751	1926	(69)精良的雷公镗
4752	109	(1)精良的尖石长斧
4753	110	(5)精良的青铜长斧
4754	111	(13)精良的宣花长斧
4755	112	(21)精良的巨灵长斧
4756	143	(31)精良的裂地长斧
4757	144	(41)精良的暗狱长斧
4758	115	(51)精良的獠牙长斧
4759	1984	(61)精良的新月长斧
4760	100	(3)精良的粗石斧
4761	101	(9)精良的短柄斧
4762	102	(17)精良的双板斧
4763	103	(27)精良的蘸金斧
4764	136	(37)精良的鱼尾斧
4765	138	(47)精良的归心斧
4766	1951	(57)精良的血河斧
4767	1965	(67)精良的闪华斧
4768	11	(2)精良的工字长锤
4769	177	(7)精良的开山长锤
4770	178	(15)精良的八角长锤
4771	179	(24)精良的瓦棱长锤
4772	180	(34)精良的破冰长锤
4773	181	(44)精良的血牙长锤
4774	1991	(54)精良的六丁长锤
4775	1992	(64)精良的六甲长锤
4776	119	(4)精良的坚石锤
4777	120	(11)精良的打铁锤
4778	121	(19)精良的亮银锤
4779	173	(29)精良的镏金锤
4780	175	(39)精良的青犊锤
4781	176	(49)精良的炽焰锤
4782	1993	(59)精良的碧空锤
4783	1994	(69)精良的紫阳锤
4784	185	(1)华丽的兽皮拳套
4785	186	(7)华丽的粗铜拳套
4786	187	(14)华丽的精铁拳套
4787	189	(23)华丽的玄钢拳套
4788	190	(33)华丽的灼热拳套
4789	192	(43)华丽的裂岩拳套
4790	2016	(53)华丽的激流拳套
4791	2017	(63)华丽的炽烈拳套
4792	195	(4)锐利的手虎刃
4793	197	(11)锐利的钢爪刃
4794	199	(18)锐利的袖里刃
4795	201	(28)锐利的银钩刃
4796	2036	(38)锐利的暗影刃
4797	206	(48)锐利的封喉刃
4798	2008	(58)锐利的夺魄刃
4799	2015	(68)锐利的追魂刃
4800	2250	(1)精巧的竹木弓
4801	214	(7)精巧的穿杨弓
4802	215	(14)精巧的雀画弓
4803	220	(23)精巧的铁胎弓
4804	223	(33)精巧的疾电弓
4805	224	(43)精巧的紫雕弓
4806	1995	(53)精巧的银翼弓
4807	1997	(63)精巧的鹰击弓
4808	255	(3)精巧的青铜弩
4809	260	(10)精巧的十字弩
4810	269	(18)精巧的速射弩
4811	275	(28)精巧的连击弩
4812	282	(38)精巧的神臂弩
4813	285	(48)精巧的排云弩
4814	1999	(58)精巧的射鲛弩
4815	2002	(68)精巧的破空弩
4816	228	(4)精巧的石丸
4817	229	(11)精巧的铁砂
4818	231	(19)精巧的驱鸟
4819	232	(29)精巧的逐雀
4820	233	(39)精巧的牛筋
4821	246	(49)精巧的鹰角
4822	2041	(59)精巧的击玉
4823	2042	(69)精巧的连珠
4840	361	(1)加持的短木杖
4841	364	(5)加持的骨节杖
4842	367	(13)加持的绿玉杖
4843	368	(21)加持的亡灵杖
4844	373	(31)加持的聚灵杖
4845	375	(41)加持的镇魂杖
4846	1937	(51)加持的通幽杖
4847	1938	(61)加持的启明杖
4848	343	(3)加持的桃木剑
4849	345	(9)加持的松纹剑
4850	349	(17)加持的七星剑
4851	352	(27)加持的天师剑
4852	357	(37)加持的摇光剑
4853	360	(47)加持的达摩剑
4854	1939	(57)加持的真武剑
4855	1940	(67)加持的玉清剑
4856	380	(2)加持的金刚撅
4857	381	(7)加持的韦陀杵
4858	382	(15)加持的净土轮
4859	383	(24)加持的日月钺
4860	384	(34)加持的降魔杵
4861	385	(44)加持的明王轮
4862	1945	(54)加持的罗喉轮
4863	1948	(64)加持的昊天轮
4864	386	(4)加持的修竹杖
4865	387	(11)加持的鹿角杖
4866	388	(19)加持的符文杖
4867	389	(29)加持的咒血杖
4868	390	(39)加持的菩提杖
4869	391	(49)加持的辟邪幡
4870	1949	(59)加持的逝水幡
4871	1950	(69)加持的招魂幡
4872	128	(2)镶金守护战甲
4873	133	(7)镶金锁子战甲
4874	134	(15)镶金秘银战甲
4875	135	(23)镶金紫金战甲
4876	137	(33)镶金炼狱战甲
4877	139	(43)镶金凝血战甲
4878	1874	(53)镶金天心战甲
4879	1875	(63)镶金应龙战甲
4880	141	(2)嵌银软皮战铠
4881	142	(7)嵌银鹿皮战铠
4882	145	(15)嵌银连环战铠
4883	146	(23)嵌银明光战铠
4884	149	(33)嵌银灵狮战铠
4885	152	(43)嵌银流光战铠
4886	1872	(53)嵌银冥祥战铠
4887	1873	(63)嵌银羽嘉战铠
4888	154	(2)秘纹修行袍
4889	155	(7)秘纹灵符袍
4890	157	(15)秘纹咒术袍
4891	159	(23)秘纹秘法袍
4892	160	(33)秘纹灵曦袍
4893	161	(43)秘纹怨魂袍
4894	1870	(53)秘纹龟灵袍
4895	1871	(63)秘纹玄黄袍
4896	165	(4)镶金守护腿甲
4897	166	(10)镶金锁子腿甲
4898	167	(18)镶金秘银腿甲
4899	168	(26)镶金紫金腿甲
4900	169	(36)镶金炼狱腿甲
4901	170	(46)镶金凝血腿甲
4902	1866	(56)镶金天心腿甲
4903	1867	(66)镶金应龙腿甲
4904	191	(4)嵌银软皮下铠
4905	193	(10)嵌银鹿皮下铠
4906	194	(18)嵌银连环下铠
4907	196	(26)嵌银明光下铠
4908	198	(36)嵌银灵狮下铠
4909	200	(46)嵌银流光下铠
4910	1864	(56)嵌银冥祥下铠
4911	1865	(66)嵌银羽嘉下铠
4912	204	(4)秘纹修行裤
4913	205	(10)秘纹灵符裤
4914	207	(18)秘纹咒术裤
4915	208	(26)秘纹秘法裤
4916	211	(36)秘纹灵曦裤
4917	213	(46)秘纹怨魂裤
4918	1862	(56)秘纹龟灵裤
4919	1863	(66)秘纹玄黄裤
4920	221	(1)镶金守护靴
4921	222	(6)镶金锁子靴
4922	225	(13)镶金秘银靴
4923	226	(21)镶金紫金靴
4924	227	(31)镶金炼狱靴
4925	230	(41)镶金凝血靴
4926	1884	(51)镶金天心靴
4927	1885	(61)镶金应龙靴
4928	237	(1)嵌银软皮鞋
4929	238	(6)嵌银鹿皮鞋
4930	239	(13)嵌银连环鞋
4931	240	(21)嵌银明光鞋
4932	242	(31)嵌银灵狮鞋
4933	249	(41)嵌银流光鞋
4934	1880	(51)嵌银冥祥鞋
4935	1881	(61)嵌银羽嘉鞋
4936	252	(1)秘纹修行履
4937	257	(6)秘纹灵符履
4938	264	(13)秘纹咒术履
4939	273	(21)秘纹秘法履
4940	279	(31)秘纹灵曦履
4941	283	(41)秘纹怨魂履
4942	1882	(51)秘纹龟灵履
4943	1883	(61)秘纹玄黄履
4944	348	(5)镶金守护袖甲
4945	350	(11)镶金锁子袖甲
4946	351	(19)镶金秘银袖甲
4947	353	(28)镶金紫金袖甲
4948	354	(38)镶金炼狱袖甲
4949	355	(48)镶金凝血袖甲
4950	1860	(58)镶金天心袖甲
4951	1861	(68)镶金应龙袖甲
4952	2876	(5)嵌银软皮腕甲
4953	2877	(11)嵌银鹿皮腕甲
4954	2878	(19)嵌银连环腕甲
4955	2879	(28)嵌银明光腕甲
4956	2880	(38)嵌银灵狮腕甲
4957	2881	(48)嵌银流光腕甲
4958	2882	(58)嵌银冥祥腕甲
4959	2883	(68)嵌银羽嘉腕甲
4960	358	(5)秘纹修行护腕
4961	359	(11)秘纹灵符护腕
4962	362	(19)秘纹咒术护腕
4963	363	(28)秘纹秘法护腕
4964	365	(38)秘纹灵曦护腕
4965	366	(48)秘纹怨魂护腕
4966	1858	(58)秘纹龟灵护腕
4967	1859	(68)秘纹玄黄护腕
4968	319	(3)镶金青铜盔
4969	322	(8)镶金虎头盔
4970	324	(16)镶金怒旌盔
4971	325	(24)镶金五遁盔
4972	326	(34)镶金分光盔
4973	328	(44)镶金阎魔盔
4974	1878	(54)镶金归元盔
4975	1879	(64)镶金辟邪盔
4976	333	(3)秘纹粗布巾
4977	335	(8)秘纹软丝巾
4978	337	(16)秘纹冰蚕冠
4979	341	(24)秘纹羽鳞冠
4980	342	(34)秘纹凌霜冠
4981	344	(44)秘纹欺雪冠
4982	1876	(54)秘纹暮雨冠
4983	1877	(64)秘纹映彤冠
4984	371	(5)秘纹守护斗篷
4985	372	(12)秘纹幸运斗篷
4986	374	(20)秘纹威凛斗篷
4987	376	(29)秘纹幻胧披风
4988	377	(39)秘纹闪烁披风
4989	378	(49)秘纹匿影披风
4990	1868	(59)秘纹韬光披风
4991	1869	(69)秘纹无忌披风
4992	128	(2)未抛光的守护战甲
4993	133	(4)未抛光的锁子战甲
4994	134	(11)未抛光的秘银战甲
4995	135	(19)未抛光的紫金战甲
4996	137	(28)未抛光的炼狱战甲
4997	139	(38)未抛光的凝血战甲
4998	1874	(48)未抛光的天心战甲
4999	1875	(58)未抛光的应龙战甲
5000	141	(2)未抛光的软皮战铠
5001	142	(4)未抛光的鹿皮战铠
5002	145	(11)未抛光的连环战铠
5003	146	(19)未抛光的明光战铠
5004	149	(28)未抛光的灵狮战铠
5005	152	(38)未抛光的流光战铠
5006	1872	(48)未抛光的冥祥战铠
5007	1873	(58)未抛光的羽嘉战铠
5008	154	(2)未镶边的修行袍
5009	155	(4)未镶边的灵符袍
5010	157	(11)未镶边的咒术袍
5011	159	(19)未镶边的秘法袍
5012	160	(28)未镶边的灵曦袍
5013	161	(38)未镶边的怨魂袍
5014	1870	(48)未镶边的龟灵袍
5015	1871	(58)未镶边的玄黄袍
5016	165	(4)未抛光的守护腿甲
5017	166	(7)未抛光的锁子腿甲
5018	167	(14)未抛光的秘银腿甲
5019	168	(22)未抛光的紫金腿甲
5020	169	(31)未抛光的炼狱腿甲
5021	170	(41)未抛光的凝血腿甲
5022	1866	(51)未抛光的天心腿甲
5023	1867	(61)未抛光的应龙腿甲
5024	191	(4)未抛光的软皮下铠
5025	193	(7)未抛光的鹿皮下铠
5026	194	(14)未抛光的连环下铠
5027	196	(22)未抛光的明光下铠
5028	198	(31)未抛光的灵狮下铠
5029	200	(41)未抛光的流光下铠
5030	1864	(51)未抛光的冥祥下铠
5031	1865	(61)未抛光的羽嘉下铠
5032	204	(4)未镶边的修行裤
5033	205	(7)未镶边的灵符裤
5034	207	(14)未镶边的咒术裤
5035	208	(22)未镶边的秘法裤
5036	211	(31)未镶边的灵曦裤
5037	213	(41)未镶边的怨魂裤
5038	1862	(51)未镶边的龟灵裤
5039	1863	(61)未镶边的玄黄裤
5041	221	(1)未抛光的守护靴
5042	222	(3)未抛光的锁子靴
5043	225	(9)未抛光的秘银靴
5044	226	(17)未抛光的紫金靴
5045	227	(26)未抛光的炼狱靴
5046	230	(36)未抛光的凝血靴
5047	1884	(46)未抛光的天心靴
5048	1885	(56)未抛光的应龙靴
5050	237	(1)未抛光的软皮鞋
5051	238	(3)未抛光的鹿皮鞋
5052	239	(9)未抛光的连环鞋
5053	240	(17)未抛光的明光鞋
5054	242	(26)未抛光的灵狮鞋
5055	249	(36)未抛光的流光鞋
5056	1880	(46)未抛光的冥祥鞋
5057	1881	(56)未抛光的羽嘉鞋
5058	252	(1)未镶边的修行履
5059	257	(3)未镶边的灵符履
5060	264	(9)未镶边的咒术履
5061	273	(17)未镶边的秘法履
5062	279	(26)未镶边的灵曦履
5063	283	(36)未镶边的怨魂履
5064	1882	(46)未镶边的龟灵履
5065	1883	(56)未镶边的玄黄履
5066	348	(5)未抛光的守护袖甲
5067	350	(8)未抛光的锁子袖甲
5068	351	(15)未抛光的秘银袖甲
5069	353	(23)未抛光的紫金袖甲
5070	354	(33)未抛光的炼狱袖甲
5071	355	(43)未抛光的凝血袖甲
5072	1860	(53)未抛光的天心袖甲
5073	1861	(63)未抛光的应龙袖甲
5074	2876	(5)未抛光的软皮腕甲
5075	2877	(8)未抛光的鹿皮腕甲
5076	2878	(15)未抛光的连环腕甲
5077	2879	(23)未抛光的明光腕甲
5078	2880	(33)未抛光的灵狮腕甲
5079	2881	(43)未抛光的流光腕甲
5080	2882	(53)未抛光的冥祥腕甲
5081	2883	(63)未抛光的羽嘉腕甲
5082	358	(5)未镶边的修行护腕
5083	359	(8)未镶边的灵符护腕
5084	362	(15)未镶边的咒术护腕
5085	363	(23)未镶边的秘法护腕
5086	365	(33)未镶边的灵曦护腕
5087	366	(43)未镶边的怨魂护腕
5088	1858	(53)未镶边的龟灵护腕
5089	1859	(63)未镶边的玄黄护腕
5090	319	(3)未抛光的青铜盔
5091	322	(5)未抛光的虎头盔
5092	324	(12)未抛光的怒旌盔
5093	325	(20)未抛光的五遁盔
5094	326	(29)未抛光的分光盔
5095	328	(39)未抛光的阎魔盔
5096	1878	(49)未抛光的归元盔
5097	1879	(59)未抛光的辟邪盔
5098	333	(3)未镶边的粗布巾
5099	335	(5)未镶边的软丝巾
5100	337	(12)未镶边的冰蚕冠
5101	341	(20)未镶边的羽鳞冠
5102	342	(29)未镶边的凌霜冠
5103	344	(39)未镶边的欺雪冠
5104	1876	(49)未镶边的暮雨冠
5105	1877	(59)未镶边的映彤冠
5106	371	(5)未镶边的守护斗篷
5107	372	(8)未镶边的幸运斗篷
5108	374	(16)未镶边的威凛斗篷
5109	376	(24)未镶边的幻胧披风
5110	377	(34)未镶边的闪烁披风
5111	378	(44)未镶边的匿影披风
5112	1868	(54)未镶边的韬光披风
5113	1869	(64)未镶边的无忌披风
5114	174	(3)五色白霖项链
5115	251	(9)五色翠微项链
5116	253	(17)五色碧丝项链
5117	254	(25)五色睛光项链
5118	256	(35)五色青云项链
5119	258	(45)五色迷花项链
5120	1892	(55)五色绿绮项链
5121	1893	(65)五色清辉项链
5122	267	(3)剔透的影遁项链
5123	268	(9)剔透的空幽项链
5124	270	(17)剔透的迷踪项链
5125	271	(25)剔透的物华项链
5126	272	(35)剔透的曲直项链
5127	274	(45)剔透的云梦项链
5128	1894	(55)剔透的洞犀项链
5129	1895	(65)剔透的夜光项链
5130	259	(3)温润的兽骨项链
5131	261	(9)温润的牛角项链
5132	262	(17)温润的狼牙项链
5133	263	(25)温润的虎骨项链
5134	265	(35)温润的犀角项链
5135	266	(45)温润的龙鳞项链
5136	1890	(55)温润的火眼项链
5137	1891	(65)温润的血影项链
5138	418	(4)五色吉祥腰饰
5139	419	(11)五色如意腰饰
5140	420	(19)五色百辟腰饰
5141	421	(27)五色云瑶腰饰
5142	422	(37)五色镇海腰饰
5143	423	(47)五色紫霞腰饰
5144	1896	(57)五色七曜腰饰
5145	1897	(67)五色露华腰饰
5146	284	(4)剔透的燕石坠子
5147	286	(11)剔透的绿松坠子
5148	287	(19)剔透的雨花坠子
5149	288	(27)剔透的血石坠子
5150	289	(37)剔透的留白坠子
5151	290	(47)剔透的观澜坠子
5152	1898	(57)剔透的雪浪坠子
5153	1899	(67)剔透的龙眼坠子
5154	412	(4)温润的白玉佩
5155	413	(11)温润的绿玉佩
5156	414	(19)温润的兰田佩
5157	415	(27)温润的独山佩
5158	416	(37)温润的和田佩
5159	417	(47)温润的青金佩
5160	1900	(57)温润的君子佩
5161	1901	(67)温润的八宝佩
5162	301	(2)光明牛角戒
5163	302	(7)光明猫眼戒
5164	303	(14)光明犀角戒
5165	304	(22)光明象牙戒
5166	305	(32)光明掠虹戒
5167	306	(42)光明疾电戒
5168	1886	(52)光明噬魂戒
5169	1887	(62)光明惊雷戒
5170	307	(2)暗黑珍珠戒
5171	308	(7)暗黑玛瑙戒
5172	309	(14)暗黑翡翠戒
5173	310	(22)暗黑钻石戒
5174	311	(32)暗黑盈天戒
5175	312	(42)暗黑幻天戒
5176	1888	(52)暗黑回天戒
5177	1889	(62)暗黑炽天戒
5178	301	(2)微瑕的牛角戒
5179	302	(4)微瑕的猫眼戒
5180	303	(10)微瑕的犀角戒
5181	304	(18)微瑕的象牙戒
5182	305	(27)微瑕的掠虹戒
5183	306	(37)微瑕的疾电戒
5184	1886	(47)微瑕的噬魂戒
5185	1887	(57)微瑕的惊雷戒
5186	307	(2)微瑕的珍珠戒
5187	308	(4)微瑕的玛瑙戒
5188	309	(10)微瑕的翡翠戒
5189	310	(18)微瑕的钻石戒
5190	311	(27)微瑕的盈天戒
5191	312	(37)微瑕的幻天戒
5192	1888	(47)微瑕的回天戒
5193	1889	(57)微瑕的炽天戒
5194	174	(3)微瑕的白霖项链
5195	251	(6)微瑕的翠微项链
5196	253	(13)微瑕的碧丝项链
5197	254	(21)微瑕的睛光项链
5198	256	(30)微瑕的青云项链
5199	258	(40)微瑕的迷花项链
5200	1892	(50)微瑕的绿绮项链
5201	1893	(60)微瑕的清辉项链
5202	267	(3)微瑕的影遁项链
5203	268	(6)微瑕的空幽项链
5204	270	(13)微瑕的迷踪项链
5205	271	(21)微瑕的物华项链
5206	272	(30)微瑕的曲直项链
5207	274	(40)微瑕的云梦项链
5208	1894	(50)微瑕的洞犀项链
5209	1895	(60)微瑕的夜光项链
5210	259	(3)微瑕的兽骨项链
5211	261	(6)微瑕的牛角项链
5212	262	(13)微瑕的狼牙项链
5213	263	(21)微瑕的虎骨项链
5214	265	(30)微瑕的犀角项链
5215	266	(40)微瑕的龙鳞项链
5216	1890	(50)微瑕的火眼项链
5217	1891	(60)微瑕的血影项链
5218	418	(4)微瑕的吉祥腰饰
5219	419	(7)微瑕的如意腰饰
5220	420	(15)微瑕的百辟腰饰
5221	421	(23)微瑕的云瑶腰饰
5222	422	(32)微瑕的镇海腰饰
5223	423	(42)微瑕的紫霞腰饰
5224	1896	(52)微瑕的七曜腰饰
5225	1897	(62)微瑕的露华腰饰
5226	284	(4)微瑕的燕石坠子
5227	286	(7)微瑕的绿松坠子
5228	287	(15)微瑕的雨花坠子
5229	288	(23)微瑕的血石坠子
5230	289	(32)微瑕的留白坠子
5231	290	(42)微瑕的观澜坠子
5232	1898	(52)微瑕的雪浪坠子
5233	1899	(62)微瑕的龙眼坠子
5234	412	(4)微瑕的白玉佩
5235	413	(7)微瑕的绿玉佩
5236	414	(15)微瑕的兰田佩
5237	415	(23)微瑕的独山佩
5238	416	(32)微瑕的和田佩
5239	417	(42)微瑕的青金佩
5242	5242	(73)奇门战甲
5243	5243	(83)金汤战甲
5244	5244	(93)麒麟战甲
5245	5245	(73)九命战铠
5246	5246	(83)叱咤战铠
5247	5247	(93)鲲鹏战铠
5248	5248	(73)洪荒袍
5249	5249	(83)紫绶袍
5250	5250	(93)两仪袍
5251	5251	(76)奇门腿甲
5252	5252	(86)金汤腿甲
5253	5253	(96)麒麟腿甲
5254	5254	(76)九命下铠
5255	5255	(86)叱咤下铠
5256	5256	(96)鲲鹏下铠
5257	5257	(76)洪荒裤
5258	5258	(86)紫绶裤
5259	5259	(96)两仪裤
5260	5260	(71)奇门靴
5261	5261	(81)金汤靴
5262	5262	(91)麒麟靴
5263	5263	(71)九命鞋
5264	5264	(81)叱咤鞋
5265	5265	(91)鲲鹏鞋
5266	5266	(71)洪荒履
5267	5267	(81)紫绶履
5268	5268	(91)两仪履
5269	5269	(78)奇门袖甲
5270	5270	(88)金汤袖甲
5271	5271	(98)麒麟袖甲
5272	5272	(78)九命腕甲
5273	5273	(88)叱咤腕甲
5274	5274	(98)鲲鹏腕甲
5275	5275	(78)洪荒护腕
5276	5276	(88)紫绶护腕
5277	5277	(98)两仪护腕
5278	5278	(74)吞云盔
5279	5279	(84)振霆盔
5280	5280	(94)天河盔
5281	5281	(74)博古冠
5282	5282	(84)无极冠
5283	5283	(94)返璞冠
5284	5284	(79)绰约披风
5285	5285	(89)多彩披风
5286	5286	(99)密隐披风
5292	5292	白玉之石1级
5293	5293	白玉之石2级
5294	5294	白玉之石3级
5295	5295	白玉之石4级
5296	5296	白玉之石5级
5297	5297	白刚之石
5299	5299	青玉之石1级
5300	5300	青玉之石2级
5301	5301	青玉之石3级
5302	5302	青玉之石4级
5303	5303	青玉之石5级
5304	5304	青和之石
5306	5306	黑玉之石1级
5307	5307	黑玉之石2级
5308	5308	黑玉之石3级
5309	5309	黑玉之石4级
5310	5310	黑玉之石5级
5311	5311	黑善之石
5313	5313	赤玉之石1级
5314	5314	赤玉之石2级
5315	5315	赤玉之石3级
5316	5316	赤玉之石4级
5317	5317	赤玉之石5级
5318	5318	赤恭之石
5320	5320	黄玉之石1级
5321	5321	黄玉之石2级
5322	5322	黄玉之石3级
5323	5323	黄玉之石4级
5324	5324	黄玉之石5级
5325	5325	黄厚之石
5336	1901	(62)微瑕的八宝佩
5337	1900	(52)微瑕的君子佩
5382	9709	普通易容卷轴
5401	5406	(94)未开光的雷音
5402	5405	(84)未开光的疯魔幡
5403	5404	(74)未开光的驱魔幡
5404	5404	(79)驱魔幡
5405	5405	(89)疯魔幡
5406	5406	(99)雷音
5415	5406	(99)加持的雷音
5416	5405	(89)加持的疯魔幡
5417	5404	(79)加持的驱魔幡
5418	5418	(74)五行轮
5419	5419	(84)三界轮
5420	5420	(94)伏虎
5425	5418	(69)未开光的五行轮
5426	5419	(79)未开光的三界轮
5427	5420	(89)未开光的伏虎
5432	5418	(74)加持的五行轮
5433	5419	(84)加持的三界轮
5434	5420	(94)加持的伏虎
5439	5439	(77)上清剑
5440	5440	(87)太清剑
5441	5441	(97)太阴
5446	5439	(72)未开光的上清剑
5447	5440	(82)未开光的太清剑
5448	5441	(92)未开光的太阴
5453	5439	(77)加持的上清剑
5454	5440	(87)加持的太清剑
5455	5441	(97)加持的太阴
5460	5460	(71)役鬼杖
5461	5461	(81)驱神杖
5462	5462	(91)璇玑
5467	5460	(66)未开光的役鬼杖
5468	5461	(76)未开光的驱神杖
5469	5462	(86)未开光的璇玑
5474	5460	(71)加持的役鬼杖
5475	5461	(81)加持的驱神杖
5476	5462	(91)加持的璇玑
5481	5481	(78)瞬杀刃
5482	5482	(88)暴击刃
5483	5483	(98)断肠
5488	5481	(72)未开锋的瞬杀刃
5489	5482	(82)未开锋的暴击刃
5490	5483	(92)未开锋的断肠
5495	5481	(78)锐利的瞬杀刃
5496	5482	(88)锐利的暴击刃
5497	5483	(98)锐利的断肠
5502	5502	(73)瞬击拳套
5503	5503	(83)贯征拳套
5504	5504	(93)魅影
5509	5502	(66)磨损瞬击拳套
5510	5503	(76)磨损贯征拳套
5511	5504	(86)磨损魅影
5516	5502	(73)华丽的瞬击拳套
5517	5503	(83)华丽的贯征拳套
5518	5504	(93)华丽的魅影
5523	5523	(78)安阳弩
5524	5524	(88)诸葛弩
5525	5525	(98)落凤
5530	5524	(82)粗制诸葛弩
5531	5525	(92)粗制落凤
5536	5523	(78)精巧的安阳弩
5537	5524	(88)精巧的诸葛弩
5538	5525	(98)精巧的落凤
5543	5550	(69)粗制迅雷
5544	5551	(79)粗制骊珠
5545	5552	(89)粗制铁骑
5550	5550	(79)迅雷
5551	5551	(89)骊珠
5552	5552	(99)铁骑
5557	5550	(79)精巧的迅雷
5558	5551	(89)精巧的骊珠
5559	5552	(99)精巧的铁骑
5564	5564	(73)新月弓
5565	5565	(83)射日弓
5566	5566	(93)凤翔
5571	5571	南瓜头丸
5572	5564	(66)粗制新月弓
5573	5565	(76)粗制射日弓
5574	5566	(86)粗制凤翔
5579	5564	(73)精巧的新月弓
5580	5565	(83)精巧的射日弓
5581	5566	(93)精巧的凤翔
5586	5586	(77)旋风斧
5587	5587	(87)坠星斧
5588	5588	(97)霹雳
5593	5586	(72)未抛光的旋风斧
5594	5587	(82)未抛光的坠星斧
5595	5588	(92)未抛光的霹雳
5600	5586	(77)精良的旋风斧
5601	5587	(87)精良的坠星斧
5602	5588	(97)精良的霹雳
5607	5621	(74)未抛光的贯耳锤
5608	5622	(84)未抛光的四猛锤
5609	5623	(94)未抛光的锁元
5614	5621	(79)精良的贯耳锤
5615	5622	(89)精良的四猛锤
5616	5623	(99)精良的锁元
5621	5621	(79)贯耳锤
5622	5622	(89)四猛锤
5623	5623	(99)锁元
5630	5630	一元石
5631	5631	两仪石
5632	5632	三才石
5633	5633	四象石
5634	5634	五行石
5635	5635	六合石
5636	5636	七星石
5637	5637	八卦石
5638	5638	九宫石
5639	5639	完美石
5642	5642	(74)紫金长锤
5643	5643	(84)碎玉长锤
5644	5644	(94)定音
5649	5642	(69)未抛光的紫金长锤
5650	5643	(79)未抛光的碎玉长锤
5651	5644	(89)未抛光的定音
5656	5642	(74)精良的紫金长锤
5657	5643	(84)精良的碎玉长锤
5658	5644	(94)精良的定音
5663	5663	(71)劈空长斧
5664	5664	(81)贯芒长斧
5665	5665	(91)惊雷
5671	5663	(66)未抛光的劈空长斧
5672	5664	(76)未抛光的贯芒长斧
5673	5665	(86)未抛光的惊雷
5677	5663	(71)精良的劈空长斧
5678	5664	(81)精良的贯芒长斧
5679	5665	(91)精良的惊雷
5726	5726	(77)象鼻刀
5727	5727	(87)春秋刀
5728	5728	(97)烽火
5733	5726	(72)未开锋的象鼻刀
5734	5727	(82)未开锋的春秋刀
5735	5728	(92)未开锋的烽火
5740	5726	(77)精良的象鼻刀
5741	5727	(87)精良的春秋刀
5742	5728	(97)精良的烽火
5768	5768	(74)透甲枪
5769	5769	(84)腾蛟枪
5770	5770	(94)闪空
5775	5768	(69)未开锋的透甲枪
5776	5769	(79)未开锋的腾蛟枪
5777	5770	(89)未开锋的闪空
5782	5768	(74)精良的透甲枪
5783	5769	(84)精良的腾蛟枪
5784	5770	(94)精良的闪空
5789	5789	(79)凤翅镗
5790	5790	(89)九曲镗
5791	5791	(99)吞云
5796	5789	(74)未开锋的凤翅镗
5797	5790	(84)未开锋的九曲镗
5798	5791	(94)未开锋的吞云
5803	5789	(79)精良的凤翅镗
5804	5790	(89)精良的九曲镗
5805	5791	(99)精良的吞云
5810	5810	(74)若拙刀
5811	5811	(84)绝情刀
5812	5812	(94)断岳
5817	5810	(69)未开锋的若拙刀
5818	5811	(79)未开锋的绝情刀
5819	5812	(89)未开锋的断岳
5824	5810	(74)精良的若拙刀
5825	5811	(84)精良的绝情刀
5826	5812	(94)精良的断岳
5831	5831	(71)藏锋剑
5832	5832	(81)多情剑
5833	5833	(91)孤穹
5838	5831	(66)未开锋的藏锋剑
5839	5832	(76)未开锋的多情剑
5840	5833	(86)未开锋的孤穹
5845	5831	(71)精良的藏锋剑
5846	5832	(81)精良的多情剑
5847	5833	(91)精良的孤穹
5852	5852	(79)雪月双刀
5853	5853	(89)形意双刀
5854	5854	(99)恩爱会
5859	5852	(74)未开锋的雪月双刀
5860	5853	(84)未开锋的形意双刀
5861	5854	(94)未开锋的恩爱会
5866	5852	(79)精良的雪月双刀
5867	5853	(89)精良的形意双刀
5868	5854	(99)精良的恩爱会
5873	5873	(77)风花双剑
5874	5874	(87)紫青双剑
5875	5875	(97)鸳蝶舞
5880	5873	(72)未开锋的风花双剑
5881	5874	(82)未开锋的紫青双剑
5882	5875	(92)未开锋的鸳蝶舞
5887	5873	(77)精良的风花双剑
5888	5874	(87)精良的紫青双剑
5889	5875	(97)精良的鸳蝶舞
5899	5269	(78)镶金奇门袖甲
5900	5270	(88)镶金金汤袖甲
5901	5271	(98)镶金麒麟袖甲
5906	5269	(73)未抛光的奇门袖甲
5907	5270	(83)未抛光的金汤袖甲
5908	5271	(93)未抛光的麒麟袖甲
5917	5272	(78)嵌银九命腕甲
5918	5273	(88)嵌银叱咤腕甲
5919	5274	(98)嵌银鲲鹏腕甲
5924	5272	(73)未抛光的九命腕甲
5925	5273	(83)未抛光的叱咤腕甲
5926	5274	(93)未抛光的鲲鹏腕甲
5935	5275	(78)秘纹洪荒护腕
5936	5276	(88)秘纹紫绶护腕
5937	5277	(98)秘纹两仪护腕
5942	5275	(73)未镶边的洪荒护腕
5944	5276	(83)未镶边的紫绶护腕
5946	5277	(93)未镶边的两仪护腕
5961	5257	(76)秘纹洪荒裤
5962	5258	(86)秘纹紫绶裤
5963	5259	(96)秘纹两仪裤
5968	5257	(71)未镶边的洪荒裤
5969	5258	(81)未镶边的紫绶裤
5970	5259	(91)未镶边的两仪裤
5979	5254	(76)嵌银九命下铠
5980	5255	(86)嵌银叱咤下铠
5981	5256	(96)嵌银鲲鹏下铠
5986	5254	(71)未抛光的九命下铠
5987	5255	(81)未抛光的叱咤下铠
5988	5256	(91)未抛光的鲲鹏下铠
5998	5251	(76)镶金奇门腿甲
5999	5252	(86)镶金金汤腿甲
6000	5253	(96)镶金麒麟腿甲
6005	5251	(71)未抛光的奇门腿甲
6006	5252	(81)未抛光的金汤腿甲
6007	5253	(91)未抛光的麒麟腿甲
6016	5284	(79)秘纹绰约披风
6017	5285	(89)秘纹多彩披风
6018	5286	(99)秘纹密隐披风
6023	5284	(74)未镶边的绰约披风
6024	5285	(84)未镶边的多彩披风
6025	5286	(94)未镶边的密隐披风
6035	5248	(73)秘纹洪荒袍
6036	5249	(83)秘纹紫绶袍
6037	5250	(93)秘纹两仪袍
6042	5248	(68)未镶边的洪荒袍
6043	5249	(78)未镶边的紫绶袍
6044	5250	(88)未镶边的两仪袍
6053	5245	(73)嵌银九命战铠
6054	5246	(83)嵌银叱咤战铠
6055	5247	(93)嵌银鲲鹏战铠
6060	5245	(68)未抛光的九命战铠
6061	5246	(78)未抛光的叱咤战铠
6062	5247	(88)未抛光的鲲鹏战铠
6071	5242	(73)镶金奇门战甲
6072	5243	(83)镶金金汤战甲
6073	5244	(93)镶金麒麟战甲
6078	5242	(68)未抛光的奇门战甲
6079	5243	(78)未抛光的金汤战甲
6080	5244	(88)未抛光的麒麟战甲
6089	5281	(74)秘纹博古冠
6090	5282	(84)秘纹无极冠
6091	5283	(94)秘纹返璞冠
6096	5281	(69)未镶边的博古冠
6097	5282	(79)未镶边的无极冠
6098	5283	(89)未镶边的返璞冠
6107	5278	(74)镶金吞云盔
6108	5279	(84)镶金振霆盔
6109	5280	(94)镶金天河盔
6114	5278	(69)未抛光的吞云盔
6115	5279	(79)未抛光的振霆盔
6116	5280	(89)未抛光的天河盔
6125	5263	(71)嵌银九命鞋
6126	5264	(81)嵌银叱咤鞋
6127	5265	(91)嵌银鲲鹏鞋
6132	5263	(66)未抛光的九命鞋
6133	5264	(76)未抛光的叱咤鞋
6134	5265	(86)未抛光的鲲鹏鞋
6143	5266	(71)秘纹洪荒履
6144	5267	(81)秘纹紫绶履
6145	5268	(91)秘纹两仪履
6150	5266	(66)未镶边的洪荒履
6151	5267	(76)未镶边的紫绶履
6152	5268	(86)未镶边的两仪履
6161	5260	(71)镶金奇门靴
6162	5261	(81)镶金金汤靴
6163	5262	(91)镶金麒麟靴
6168	5260	(66)未抛光的奇门靴
6169	5261	(76)未抛光的金汤靴
6170	5262	(86)未抛光的麒麟靴
6175	6175	(72)沉星戒
6176	6176	(82)破军戒
6177	6177	(92)无双戒
6182	6175	(72)光明沉星戒
6183	6176	(82)光明破军戒
6184	6177	(92)光明无双戒
6189	6175	(67)微瑕的沉星戒
6190	6176	(77)微瑕的破军戒
6191	6177	(87)微瑕的无双戒
6196	6196	(72)破天戒
6197	6197	(82)焚天戒
6198	6198	(92)齐天戒
6203	6196	(72)暗黑破天戒
6204	6197	(82)暗黑焚天戒
6205	6198	(92)暗黑齐天戒
6210	6196	(67)微瑕的破天戒
6211	6197	(77)微瑕的焚天戒
6212	6198	(87)微瑕的齐天戒
6217	6217	(75)空灵项链
6218	6218	(85)坚白项链
6219	6219	(95)化石项链
6224	6217	(75)温润的空灵项链
6225	6218	(85)温润的坚白项链
6226	6219	(95)温润的化石项链
6231	6217	(70)微瑕的空灵项链
6232	6218	(80)微瑕的坚白项链
6233	6219	(90)微瑕的化石项链
6234	6234	(100)微瑕的往复项链
6238	6238	(75)忘机项链
6239	6239	(85)佛骨项链
6240	6240	(95)神光项链
6245	6238	(75)五色忘机项链
6246	6239	(85)五色佛骨项链
6247	6240	(95)五色神光项链
6252	6238	(70)微瑕的忘机项链
6253	6239	(80)微瑕的佛骨项链
6254	6240	(90)微瑕的神光项链
6255	6255	(100)微瑕的神护项链
6259	6259	(75)耀辉项链
6260	6260	(85)乌啼项链
6261	6261	(95)绿腰项链
6266	6259	(75)剔透的耀辉项链
6267	6260	(85)剔透的乌啼项链
6268	6261	(95)剔透的绿腰项链
6273	6259	(70)微瑕的耀辉项链
6274	6260	(80)微瑕的乌啼项链
6275	6261	(90)微瑕的绿腰项链
6276	6276	(100)微瑕的无常项链
6280	6280	(77)悠游腰饰
6281	6281	(87)鸣鸾腰饰
6282	6282	(97)游龙腰饰
6287	6280	(77)五色悠游腰饰
6288	6281	(87)五色鸣鸾腰饰
6289	6282	(97)五色游龙腰饰
6294	6280	(72)微瑕的悠游腰饰
6295	6281	(82)微瑕的鸣鸾腰饰
6296	6282	(92)微瑕的游龙腰饰
6301	6315	(77)剔透的双鱼坠子
6302	6316	(87)剔透的邀月坠子
6303	6317	(97)剔透的醉仙坠子
6308	6315	(72)微瑕的双鱼坠子
6309	6316	(82)微瑕的邀月坠子
6310	6317	(92)微瑕的醉仙坠子
6315	6315	(77)双鱼坠子
6316	6316	(87)邀月坠子
6317	6317	(97)醉仙坠子
6322	6322	(77)慎独佩
6323	6323	(87)明德佩
6324	6324	(97)三清佩
6329	6322	(77)温润的慎独佩
6330	6323	(87)温润的明德佩
6331	6324	(97)温润的三清佩
6336	6322	(72)微瑕的慎独佩
6337	6323	(82)微瑕的明德佩
6338	6324	(92)微瑕的三清佩
6344	10000002	妖族飞行兽
6345	10000001	人族飞剑
6346	6346	八戒丸
6347	6347	悟空丸
6348	6348	大头娃娃丸
6351	5523	(72)粗制安阳弩
6367	6367	火红之石7级
6368	6368	火红之石8级
6369	6369	火红之石6级
6370	6370	火红之石9级
6371	6371	火红之石10级
6374	6374	白雾之石6级
6375	6375	白雾之石7级
6376	6376	白雾之石8级
6377	6377	白雾之石9级
6378	6378	白雾之石10级
6379	6379	锐利之石6级
6380	6380	锐利之石7级
6381	6381	锐利之石8级
6382	6382	锐利之石9级
6383	6383	锐利之石10级
6384	6384	黄沉之石6级
6385	6385	黄沉之石7级
6386	6386	黄沉之石8级
6387	6387	黄沉之石9级
6388	6388	黄沉之石10级
6389	6389	暗青之石6级
6390	6390	暗青之石7级
6391	6391	暗青之石8级
6392	6392	暗青之石9级
6393	6393	暗青之石10级
6394	6394	白玉之石6级
6395	6395	白玉之石7级
6396	6396	白玉之石8级
6397	6397	白玉之石9级
6398	6398	白玉之石10级
6399	6399	青玉之石6级
6400	6400	青玉之石7级
6401	6401	青玉之石8级
6402	6402	青玉之石9级
6403	6403	青玉之石10级
6404	6404	黑玉之石6级
6405	6405	黑玉之石7级
6406	6406	黑玉之石8级
6407	6407	黑玉之石9级
6408	6408	黑玉之石10级
6409	6409	赤玉之石6级
6410	6410	赤玉之石7级
6411	6411	赤玉之石8级
6412	6412	赤玉之石9级
6413	6413	赤玉之石10级
6414	6414	黄玉之石6级
6415	6415	黄玉之石7级
6416	6416	黄玉之石8级
6417	6417	黄玉之石9级
6418	6418	黄玉之石10级
6655	6655	(1)新手之剑
6656	6656	(1)新手之杖
6657	6657	(1)新手长斧
6658	6658	(5)剑匠之剑
6659	6659	(5)碎骨之杖
6660	6660	(5)妖兽钺
6661	6661	(5)长羽弓
6662	6662	(13)卫戍长枪
6663	6663	(15)卫戍长刀
6664	6664	(16)碎云锤
6665	2251	(16)试炼法杖
6666	6666	(16)试练之弓
6667	6667	(20)魔界战刀
6668	6668	(20)魔界法剑
6669	6669	(20)裂天之斧
6670	6670	(20)玄椎之弓
6671	6671	(20)玄椎之杖
6672	6672	(38)骁骑刀
6673	6673	(65)诛神剑
6674	6674	(30)封印之轮
6675	6675	(45)封印之刀
6676	6676	(50)封印之弓
6677	6677	(25)斩石剑
6678	6678	(24)吹息的香囊
6680	6680	(35)小倩的护符
6682	6682	(65)白莲戒
6683	6683	(65)红莲戒
6730	6730	(26)晨灵腰饰
6754	6754	真铜锭
6755	6755	玄铁锭
6756	6756	秘银锭
6757	6757	精金锭
6758	6758	元符木
6759	6759	玄灵木
6760	6760	菩提木
6761	6761	金刚木
6762	6762	方孔纱
6763	6763	蝉翼纱
6764	6764	折枝纱
6765	6765	流云纱
6816	6816	黑巢钥匙
6817	6817	火岩钥匙
6818	6818	石锥钥匙
6929	6929	(40)公主上衣
6930	6930	(40)比翼双飞女装上衣
6931	6931	(40)比翼双飞男装上衣
6932	3952	(50)长旗袍
6933	6933	(50)唐装男上衣
6934	6934	(50)婚纱
6935	6935	(40)公主裙
6936	6936	(40)比翼双飞男装裤
6937	6937	(40)比翼双飞女装裙
6938	6938	(50)唐装男裤
6939	6939	(40)公主鞋
6940	6940	(40)比翼双飞男装鞋
6941	6941	(40)比翼双飞女装鞋
6942	6942	(50)旗袍鞋
6943	6943	(50)唐装男鞋
6944	6944	(50)婚纱鞋
6945	6945	(50)婚纱手套
8037	8037	道灵符
8039	8039	狂刃符
8041	8041	御甲符
8043	8043	定神符
8048	8048	强效火云符
8049	8049	完美火云符
8050	8050	强效蓝影符
8051	8051	完美蓝影符
8052	8052	强效厚磷符
8053	8053	完美厚磷符
8054	8054	强效青光符
8055	8055	完美青光符
8056	8056	龙须箭
8058	8058	精钢矢
8060	8060	震地弹
8199	8199	石粉
8270	8270	(25)火云邪神剑
8271	8271	(65)幻舞隐月剑
8272	8272	(45)玄阴刀
8273	8273	(90)九天伏魔刀
8274	8274	(35)双飞燕
8275	8275	(55)天叱宝刀
8276	8276	(85)乘胜万里伏
8277	8277	(90)绝天龙牙枪
8278	8278	(75)煞灵鬼头锤
8279	8279	(45)玄冥长锤
8280	8280	(85)玄铁重锤
8281	8281	(90)帝蛮锤
8282	8282	(25)黑巢降魔斧
8283	8283	(65)万钧巨斧
8284	8284	(55)叱风战锤
8285	8285	(90)龙彩双锤
8286	8286	(35)鬼啸战斧
8287	8287	(75)血煞斧
8288	8288	(35)荆棘刺
8289	8289	(55)芙蓉刺
8290	8290	(75)紫电辟邪
8291	8291	(90)蜻蜓刺玉
8292	8292	(25)定光拳套
8293	8293	(45)鬼雄拳套
8294	8294	(65)灭魂拳套
8295	8295	(85)真刚拳套
8296	8296	(90)掩日断水
8297	8297	(25)月影弓
8298	8298	(55)穿云弓
8299	8299	(85)神武镇天弓
8300	8300	(90)太乙破阕弓
8301	8301	(45)鬼阴
8302	8302	(75)风云
8303	8303	(35)逐光弩
8304	8304	(65)天劫射日弩
8305	8305	(90)百里追风弩
8306	8306	(25)烈炎杖
8307	8307	(65)驱龙杖
8308	8308	(25)玄影退魔剑
8309	8309	(35)藏星剑
8310	8310	(75)灵犀释厄剑
8311	8311	(90)倚天镇魂剑
8312	8312	(45)阴阳夺魄轮
8313	8313	(85)沉水龙雀
8314	8314	(55)菩提宝杖
8315	8315	(90)九尺墨影
8316	8316	(23)火岩重甲
8317	8317	(33)鬼冥重甲
8318	8318	(53)狮吼重甲
8319	8319	(83)鬼帆重甲
8320	8320	(23)黑巢轻铠
8321	8321	(43)幽冥轻铠
8322	8322	(93)仙灵轻铠
8323	8323	(93)魔煞轻甲
8324	159	(23)火岩秘法袍
8325	8325	(93)仙灵法袍
8326	8326	(93)魔煞法袍
8327	8327	(26)黑巢护腿
8328	8328	(66)万劫护腿
8329	8329	(96)仙灵护腿
8330	8330	(96)魔煞护腿
8331	8331	(26)石锥下铠
8332	8332	(36)鬼冥下铠
8333	8333	(66)噬魂下铠
8334	8334	(76)死沼轻铠
8335	208	(26)石锥秘法裤
8336	208	(36)鬼冥秘法裤
8338	208	(76)死沼秘法裤
8339	8339	(71)死沼重靴
8340	8340	(21)火岩轻靴
8341	8341	(51)虎啸靴
8342	8342	(21)黑巢布履
8343	8343	(41)幽冥履
8344	8344	(61)缚魂履
8345	8345	(34)鬼冥重盔
8346	8346	(54)龙腾战盔
8347	8347	(74)死沼重盔
8348	8348	(94)仙灵盔
8349	8349	(94)魔煞盔
8350	8350	(44)幽冥冠
8351	8351	(64)索魂冠
8352	8352	(84)鬼帆轻帽
8353	8353	(28)石锥护腕
8354	8354	(48)幽冥护腕
8355	8355	(88)鬼帆重腕
8356	8356	(88)鬼帆轻腕
8357	8357	(25)火岩项链
8358	8358	(55)狮心项链
8359	8359	(75)死沼项链
8360	8360	(95)魔煞项链
8361	8361	(25)石锥项链
8362	8362	(45)幽冥项链
8363	8363	(85)鬼帆项链
8364	8364	(95)紫萝项链
8365	8365	(25)黑巢项链
8366	8366	(35)鬼冥项链
8367	8367	(65)天劫项链
8368	8368	(95)仙灵项链
8369	8369	(27)石锥腰佩
8370	8370	(37)鬼冥符文佩
8371	8371	(87)鬼帆腰佩
8372	8372	(97)仙灵绝魔佩
8373	8373	(27)黑巢腰佩
8374	8374	(57)虎风腰佩
8375	8375	(67)天劫腰佩
8376	8376	(97)仙灵彩佩
8377	8377	(27)火岩腰佩
8378	8378	(47)幽冥腰佩
8379	8379	(77)死沼腰佩
8380	8380	(97)魔煞腰佩
8381	8381	(22)黑巢戒指
8382	8382	(42)幽冥戒
8383	8383	(62)天劫戒
8384	8384	(82)鬼帆戒
8385	8385	(92)仙灵神力戒
8386	8386	(92)魔煞鬼力戒
8387	8387	(22)石锥戒指
8388	8388	(22)火岩戒
8389	8389	(32)鬼冥戒指
8390	8390	(52)龙祥戒
8391	8391	(72)死沼戒
8392	8392	(92)仙灵秘法戒
8393	8393	(92)魔煞秘法戒
8396	8396	(100)霸道
8408	8408	(100)横行
8414	8414	(100)寒烟翠
8424	8424	(100)乾坤一掷
8430	8430	(100)不系舟
8444	8444	(100)秦皇
8446	8446	(1)新手之弓
8447	8447	(60)飞鹰之弓
8448	8448	(60)飞鹰之枪
8449	8449	(60)飞鹰之杖
8450	8450	(60)金精重甲
8451	8451	(1)新手之甲
8452	8452	(60)金精之铠
8453	8453	(1)新手之铠
8454	8454	(60)金精法袍
8455	8455	(1)新手之袍
8456	8456	(1)新手腿甲
8457	8457	(1)新手下铠
8458	8458	(1)新手之裤
8459	8459	(1)新手之靴
8460	8460	(1)新手之鞋
8461	8461	(1)新手之履
8462	8462	(1)新手之盔
8463	8463	(1)新手之冠
8464	8464	(1)新手披风
8532	8532	(55)赤目戒
8533	8533	(56)龙鳞法袍
8535	8535	(1)新手袖甲
8536	8536	(1)新手腕甲
8537	8537	(1)新手护腕
8538	8538	(25)人狼袖甲
8539	8539	(25)人狼腕甲
8540	8540	(25)人狼护腕
8541	8541	(55)无极披风
8543	8543	新手之箭
8551	410	狼牙箭特品
8552	411	雕翎箭特品
8553	1038	骨矢特品
8554	1039	铁矢特品
8555	1041	铁砂弹特品
8556	1042	铅霰弹特品
8557	1944	三刃矢特品
8558	1946	爆裂弹特品
8559	1947	凤尾箭特品
8560	8056	龙须箭特品
8562	8058	精钢矢特品
8564	8060	震地弹特品
8598	8598	(50)飞天上衣
8599	8599	(50)飞天裙
8600	8600	(50)飞天鞋
8601	8601	(40)百花裙上衣
8602	8602	(40)百花裙裤
8603	8603	(40)百花裙鞋
8604	8604	(40)波希米亚上衣
8605	8605	(40)波希米亚裙
8606	8606	(40)波希米亚鞋
8607	8607	小瓶归元散
8608	8608	中瓶归元散
8612	8612	小瓶活血散
8613	8613	中瓶活血散
8614	8614	大瓶活血散
8615	8615	精制活血散
8616	8616	完美活血散
8617	8617	小瓶金创药
8618	8618	中瓶金创药
8619	8619	大瓶金创药
8620	8620	精制金创药
8621	8621	完美金创药
8622	8622	小瓶九龙散
8623	8623	中瓶九龙散
8624	8624	大瓶九龙散
8625	8625	精制九龙散
8626	8626	完美九龙散
8627	8627	小瓶九阳丹
8628	8628	中瓶九阳丹
8629	8629	大瓶九阳丹
8630	8630	精制九阳丹
8631	8631	完美九阳丹
8632	8632	小瓶龙涎香
8637	8637	小瓶沉香丸
8638	8638	中瓶沉香丸
8642	8642	小瓶还灵水
8643	8643	中瓶还灵水
8644	8644	大瓶还灵水
8645	8645	精制还灵水
8646	8646	完美还灵水
8647	8647	小瓶神气丸
8648	8648	中瓶神气丸
8649	8649	大瓶神气丸
8650	8650	精制神气丸
8651	8651	完美神气丸
8652	8652	(1)木刃
8667	10000001	人族飞剑
8668	10000001	人族飞剑
8669	10000001	人族飞剑
8670	10000001	人族飞剑
8671	10000001	人族飞剑
8672	10000001	人族飞剑
8673	10000002	妖族飞行兽
8674	10000002	妖族飞行兽
8675	10000003	羽族翅膀
8676	10000003	羽族翅膀
8677	10000003	羽族翅膀
8678	10000003	羽族翅膀
8679	10000003	羽族翅膀
8680	10000003	羽族翅膀
8715	8715	(69)怨灵弩
8716	8716	(90)九鬼裂风
8717	8717	(90)九鬼闪雷
8718	8718	(90)九鬼归命
8719	8719	(90)九鬼破天
8720	8720	(80)云剑
8721	8721	(91)冰雪之杖
8722	8722	(91)冰雪之弓
8723	8723	(93)凌风枪
8724	8724	(100)怒沙神刀
8725	8725	(90)熔岩精轮
8726	8726	(90)熔岩斗斧
8727	8727	(90)熔岩雷刃
8728	8728	(90)熔岩迅弩
8729	8729	(85)金鳞铠
8730	8730	(85)龙骨甲
8731	8731	(85)凤翔袍
8732	8732	(88)孤寒盔
8733	8733	(88)孤寒冠
8734	8734	(80)精巧护符
8735	8735	(100)混沌玉佩
8736	8736	(85)飞宇戒指
8737	8737	(85)雯琪戒指
8738	8738	醉仙酿
8739	10000001	人族飞剑
8810	8810	白金钥匙
8811	8811	钻石钥匙
8812	8812	完美钥匙
8813	8813	(70)密林战刀
8814	8814	(80)真龙剑
8815	8815	(90)厉鬼双剑
8816	8816	(70)密林战锤
8817	8817	(80)真龙斧
8818	8818	(90)厉鬼双斧
8819	8819	(70)密林烈弩
8820	8820	(90)鬼炎
8821	8821	(80)真龙弓
8822	8822	(70)密林法剑
8823	8823	(80)真龙杖
8824	8824	(90)厉鬼轮
8825	8825	(70)密林重盔
8826	8826	(70)密林轻盔
8827	8827	(80)真龙重甲
8828	8828	(90)厉鬼重甲
8829	8829	(80)真龙轻甲
8830	8830	(90)厉鬼轻甲
8831	8831	(80)真龙法袍
8832	8832	(90)厉鬼法袍
8833	8833	(80)真龙戒指
8834	8834	(80)真龙法戒
8835	8835	(70)密林项链
8836	8836	(70)密林腰饰
8837	8837	(90)厉鬼腰饰
8838	8838	(90)厉鬼佩
8995	8995	玄冰钥匙
8996	8996	烈沙钥匙
8997	8997	仙灵钥匙
8998	8998	魔煞钥匙
9003	9003	密林钥匙
9004	9004	真龙钥匙
9005	9005	厉鬼钥匙
9069	9069	浮云马
9070	9070	汗血马
9071	9071	乌骓马
9072	9072	踏雪熊
9073	9073	追风豹
9074	9074	寒武龙
9075	9075	如意麒麟
9076	9076	吉祥麒麟
9078	9078	小恐龙
9194	9194	(98)九星长弓
9195	9195	(75)邪冥迅弓
9197	9197	(85)林云之弩
9198	9198	(99)斗魔弩
9199	9199	(99)炽仙弓
9201	9201	(99)炽仙锤
9203	2251	(98)九星法杖
9204	9204	(85)林云之杖
9205	9205	(75)邪冥法轮
9207	9207	(99)斗魔剑
9208	9208	(99)炽仙杖
9209	9209	(99)炽仙镗
9210	9210	(99)斗魔枪
9212	9212	(98)九星灵剑
9213	9213	(94)南明离火剑
9214	9214	(85)林云之剑
9215	9215	(75)邪冥狂刀
9218	9218	(100)圣魔铠
9219	9219	(100)朝宗重甲
9220	9220	(100)圣魔甲
9222	9222	(100)雎灵轻铠
9225	9225	(100)圣魔袍
9226	9226	(100)天戒法袍
9231	9231	(100)灭世之戒
9235	9235	(100)参商戒
9295	9295	(99)斗魔斧
9320	9320	(100)天刑
9322	9322	(100)无涯
9324	9324	(100)太阴
9326	9326	(100)方舟
9328	9328	(100)多情
9330	9330	(100)群魔
9332	9332	(100)英雄
9334	9334	(100)神话
9337	9337	(100)五雷轰顶
9338	9338	(100)海天一线
9340	9340	(100)金顶佛光
9342	9342	(100)白驹
9344	9344	(100)天狱重甲
9346	9346	(100)天狱轻铠
9348	9348	(100)天狱法袍
9350	9350	(100)天狱护腿
9352	9352	(100)天狱下铠
9354	9354	(100)天狱法裤
9356	9356	(100)天狱重靴
9358	9358	(100)天狱轻靴
9360	9360	(100)天狱法履
9362	9362	(100)天狱重腕
9364	9366	(100)天狱轻腕
9366	9366	(100)天狱轻腕
9368	9368	(100)天狱重盔
9370	9370	(100)天狱轻帽
9372	9372	(100)云海
9709	9709	易容卷轴
9825	9825	多寿饺子
9827	9827	多福饺子
9829	9829	完美饺子
9966	9966	糖瓜
9967	9967	元宵
9973	9973	(100)雷狂九霄锤
9979	9979	(100)天怒十方轮
9981	9981	(100)电掣寰宇弩
9986	9986	(100)风驰天罡剑
10136	10136	(100)紫星
10138	10138	(100)天瀑
10139	10139	(100)巫月
10142	10142	(100)震岳
10143	10143	(100)霸天
10146	10146	(100)逐日
10148	10148	(100)追命
10150	10150	(100)百辟
10151	10151	(100)清虚盔
10152	10152	(100)玄冥冠
10153	10153	(100)清虚裤
10154	10154	(100)清虚甲
10155	10155	(100)玄冥甲
10156	10156	(100)玄冥靴
10163	10163	(100)无尘戒
10165	10165	(100)血煞戒
10167	10167	(100)无尘项链
10168	10168	(100)血煞项链
10171	10171	(100)无尘腰佩
10172	10172	(100)血煞腰佩
